790665855	1	
790665855	3	Loaded_Language
790665855	4	Doubt
790665855	5	Doubt,Loaded_Language
790665855	6	
790665855	7	
790665855	8	
790665855	9	
790665855	10	
790665855	11	Loaded_Language
790665855	12	
790665855	13	
790665855	14	
790665855	15	
790665855	16	
790665855	17	Loaded_Language
790665855	18	
790665855	19	Guilt_by_Association,Name_Calling-Labeling
790665855	20	
790665855	21	
790665855	22	Loaded_Language,Name_Calling-Labeling
790665855	23	
790665855	24	Appeal_to_Authority,Doubt
790665855	25	
790665855	26	Loaded_Language
790665855	27	Appeal_to_Fear-Prejudice
790665855	28	Name_Calling-Labeling
790665855	29	
790665855	30	
