696694316	1	
696694316	3	
696694316	4	Loaded_Language
696694316	6	Loaded_Language
696694316	7	
696694316	8	
696694316	10	
696694316	11	
696694316	13	
696694316	14	
696694316	16	Loaded_Language
696694316	18	Conversation_Killer,Loaded_Language
696694316	20	Loaded_Language
696694316	22	
696694316	24	
696694316	26	
696694316	28	
696694316	29	
696694316	30	Loaded_Language
696694316	32	
696694316	33	
696694316	34	
696694316	35	False_Dilemma-No_Choice
696694316	37	False_Dilemma-No_Choice
696694316	38	
696694316	40	
696694316	41	Appeal_to_Fear-Prejudice,Guilt_by_Association
696694316	43	
696694316	44	False_Dilemma-No_Choice
696694316	45	
696694316	47	Loaded_Language
696694316	49	
696694316	51	Appeal_to_Fear-Prejudice,Loaded_Language
696694316	53	Conversation_Killer
696694316	55	
696694316	57	
696694316	60	
