762206044	1	Name_Calling-Labeling
762206044	3	Exaggeration-Minimisation,Name_Calling-Labeling
762206044	4	
762206044	5	
762206044	6	
762206044	7	
762206044	8	
762206044	9	
762206044	10	
762206044	11	
762206044	12	Loaded_Language
762206044	13	Red_Herring
762206044	14	Loaded_Language,Name_Calling-Labeling
762206044	15	
762206044	16	Name_Calling-Labeling
762206044	17	Loaded_Language
762206044	18	
762206044	19	
762206044	20	Loaded_Language
762206044	21	Loaded_Language
762206044	22	
762206044	23	
762206044	24	Exaggeration-Minimisation
762206044	25	
762206044	26	
762206044	27	
762206044	28	
762206044	29	
762206044	30	Loaded_Language
762206044	31	
762206044	32	Name_Calling-Labeling
762206044	33	Name_Calling-Labeling
762206044	34	
762206044	35	
762206044	36	Doubt,Loaded_Language
762206044	37	
762206044	38	
762206044	39	Loaded_Language
762206044	40	
762206044	41	
762206044	42	
762206044	43	
762206044	44	Loaded_Language
762206044	45	
