764715911	1	Flag_Waving
764715911	3	False_Dilemma-No_Choice,Flag_Waving
764715911	4	Name_Calling-Labeling
764715911	5	Doubt
764715911	6	
764715911	7	
764715911	8	
764715911	9	
764715911	10	
764715911	11	False_Dilemma-No_Choice,Loaded_Language
764715911	12	
764715911	13	False_Dilemma-No_Choice,Flag_Waving
764715911	14	
764715911	15	
764715911	16	
764715911	17	Repetition
764715911	18	Repetition
764715911	19	
764715911	20	Loaded_Language
764715911	21	
764715911	22	
764715911	23	
764715911	24	
764715911	25	
764715911	26	
764715911	27	
764715911	28	Repetition
764715911	29	
764715911	30	
764715911	31	False_Dilemma-No_Choice
764715911	32	Flag_Waving,Loaded_Language
764715911	33	
764715911	34	Appeal_to_Hypocrisy,Causal_Oversimplification,Doubt
