783774960	1	Name_Calling-Labeling
783774960	3	Name_Calling-Labeling,Repetition
783774960	4	Doubt
783774960	5	
783774960	6	
783774960	7	
783774960	8	
783774960	9	
783774960	10	Doubt,Loaded_Language
783774960	11	Doubt,Loaded_Language,Name_Calling-Labeling,Repetition
783774960	12	
783774960	13	
783774960	14	Doubt
783774960	15	Doubt,Name_Calling-Labeling
783774960	16	
783774960	17	
783774960	18	
783774960	19	Doubt
783774960	20	Loaded_Language
783774960	21	Doubt
783774960	22	
783774960	23	Doubt,Loaded_Language
783774960	24	Doubt
783774960	25	
783774960	26	
