773520636	1	Loaded_Language
773520636	3	Loaded_Language
773520636	4	Doubt,Name_Calling-Labeling
773520636	5	Doubt
773520636	6	
773520636	7	
773520636	8	
773520636	9	
773520636	10	
773520636	11	Flag_Waving,Name_Calling-Labeling,Repetition,Slogans
773520636	12	Slogans
773520636	13	Appeal_to_Authority
773520636	14	
773520636	15	Name_Calling-Labeling
773520636	16	Doubt
773520636	17	
773520636	18	
773520636	19	Slogans
773520636	20	
773520636	21	
773520636	22	
773520636	23	Appeal_to_Fear-Prejudice
773520636	24	
773520636	25	Name_Calling-Labeling
773520636	26	
773520636	27	
773520636	28	
773520636	29	
773520636	30	
773520636	31	
773520636	32	Loaded_Language
773520636	33	Loaded_Language
773520636	34	
773520636	35	Loaded_Language
773520636	36	
773520636	37	Repetition
773520636	38	False_Dilemma-No_Choice
773520636	39	Name_Calling-Labeling
773520636	40	Doubt,Loaded_Language,Name_Calling-Labeling
773520636	41	Doubt,Loaded_Language,Name_Calling-Labeling
773520636	42	Doubt,Name_Calling-Labeling,Repetition
773520636	43	Name_Calling-Labeling
773520636	44	Name_Calling-Labeling
773520636	45	Loaded_Language
773520636	46	Loaded_Language,Name_Calling-Labeling
773520636	47	Name_Calling-Labeling
773520636	48	Loaded_Language
773520636	49	
773520636	50	Name_Calling-Labeling
773520636	51	Doubt,Loaded_Language
773520636	52	Name_Calling-Labeling
773520636	53	Name_Calling-Labeling
773520636	54	
773520636	55	Appeal_to_Fear-Prejudice,Name_Calling-Labeling
773520636	56	
773520636	57	Name_Calling-Labeling,Repetition
773520636	58	
773520636	59	
773520636	60	
773520636	61	
773520636	62	
773520636	63	Loaded_Language
773520636	64	
773520636	65	Appeal_to_Fear-Prejudice
773520636	66	Name_Calling-Labeling,Repetition
773520636	67	
773520636	68	
773520636	69	
773520636	70	
773520636	71	
773520636	72	Name_Calling-Labeling,Repetition
773520636	73	Loaded_Language
773520636	74	Loaded_Language,Name_Calling-Labeling
773520636	75	
773520636	76	
773520636	77	
773520636	78	
773520636	79	
773520636	80	
773520636	81	Name_Calling-Labeling
773520636	82	
773520636	83	
773520636	84	
773520636	85	Name_Calling-Labeling
773520636	86	
773520636	87	
773520636	88	
773520636	89	
773520636	90	
773520636	91	
773520636	92	Name_Calling-Labeling
773520636	93	
773520636	94	
773520636	95	
773520636	96	
773520636	97	
773520636	98	
773520636	99	
773520636	100	
773520636	101	
773520636	102	
773520636	103	
773520636	104	Name_Calling-Labeling,Repetition
773520636	105	
773520636	106	Repetition
773520636	107	Doubt
773520636	108	
773520636	109	
