832908978	1	
832908978	3	
832908978	4	
832908978	5	
832908978	6	Name_Calling-Labeling
832908978	7	
832908978	8	
832908978	9	Conversation_Killer
832908978	10	
832908978	11	
832908978	12	Loaded_Language,Name_Calling-Labeling,Repetition
832908978	13	
832908978	14	
832908978	15	Name_Calling-Labeling,Repetition
832908978	16	Loaded_Language,Slogans
832908978	17	
832908978	18	
832908978	19	False_Dilemma-No_Choice
832908978	20	Name_Calling-Labeling
832908978	21	
832908978	22	Conversation_Killer
832908978	23	
832908978	24	
832908978	25	
832908978	26	
