730246508	1	
730246508	3	
730246508	4	
730246508	5	
730246508	6	
730246508	7	
730246508	8	
730246508	9	
730246508	10	
730246508	11	
730246508	12	
730246508	13	
730246508	14	Flag_Waving
730246508	15	
730246508	16	
730246508	17	
730246508	18	
730246508	19	
730246508	20	
730246508	21	
730246508	22	
730246508	23	
730246508	24	
730246508	25	
730246508	26	
730246508	27	
730246508	28	
730246508	29	
730246508	30	
730246508	31	
730246508	32	Loaded_Language
730246508	33	
730246508	34	Loaded_Language
730246508	35	Loaded_Language
730246508	36	
730246508	37	Loaded_Language
730246508	38	
730246508	39	
