765913191	1	
765913191	3	False_Dilemma-No_Choice
765913191	4	Loaded_Language
765913191	5	Loaded_Language,Repetition,Slogans
765913191	6	
765913191	7	
765913191	8	
765913191	9	
765913191	10	
765913191	11	Doubt
765913191	12	
765913191	13	
765913191	14	
765913191	15	
765913191	16	
765913191	17	
765913191	18	
765913191	19	
765913191	20	
765913191	21	
765913191	22	
765913191	23	
765913191	24	
765913191	25	False_Dilemma-No_Choice,Repetition
765913191	26	Repetition
765913191	27	Name_Calling-Labeling
765913191	28	Loaded_Language
765913191	29	
765913191	30	
765913191	31	Repetition,Slogans
765913191	32	
765913191	33	False_Dilemma-No_Choice,Flag_Waving,Repetition
765913191	34	False_Dilemma-No_Choice
765913191	35	Exaggeration-Minimisation,Repetition
765913191	36	
