764609985	1	
764609985	3	Loaded_Language
764609985	4	Loaded_Language
764609985	5	Flag_Waving
764609985	6	
764609985	7	
764609985	8	
764609985	9	
764609985	10	
764609985	11	Loaded_Language
764609985	12	
764609985	13	
764609985	14	Doubt,Loaded_Language
764609985	15	
764609985	16	Loaded_Language
764609985	17	
764609985	18	Loaded_Language
764609985	19	
764609985	20	Loaded_Language
764609985	21	Doubt,Loaded_Language
764609985	22	
764609985	23	Doubt
764609985	24	
764609985	25	Loaded_Language
764609985	26	Loaded_Language,Name_Calling-Labeling
764609985	27	
764609985	28	
764609985	29	
764609985	30	
764609985	31	Loaded_Language,Repetition
764609985	32	
764609985	33	
764609985	34	Appeal_to_Authority,Loaded_Language
764609985	35	
764609985	36	
