711596363	1	Loaded_Language
711596363	3	
711596363	4	
711596363	5	Loaded_Language
711596363	6	
711596363	7	
711596363	8	
711596363	9	
711596363	10	Loaded_Language
711596363	11	Loaded_Language
711596363	12	
711596363	13	
711596363	14	Exaggeration-Minimisation
711596363	15	
711596363	16	
711596363	17	
711596363	18	
711596363	19	
711596363	20	Loaded_Language
711596363	21	Loaded_Language
711596363	22	
711596363	23	Appeal_to_Fear-Prejudice,Causal_Oversimplification,Loaded_Language
711596363	24	
711596363	25	Flag_Waving
711596363	26	Loaded_Language
711596363	27	Loaded_Language
711596363	28	
711596363	29	Causal_Oversimplification
711596363	30	
711596363	31	
711596363	32	Loaded_Language
711596363	33	
711596363	34	Loaded_Language
711596363	35	
