711964584	1	
711964584	3	Appeal_to_Fear-Prejudice
711964584	4	Loaded_Language
711964584	5	Loaded_Language
711964584	6	
711964584	7	Loaded_Language
711964584	8	Loaded_Language
711964584	9	
711964584	10	
711964584	11	
711964584	12	Doubt
711964584	13	Doubt
711964584	14	
711964584	15	
711964584	16	
711964584	17	
711964584	18	Causal_Oversimplification
711964584	19	
711964584	20	
711964584	21	
711964584	22	Whataboutism
711964584	23	False_Dilemma-No_Choice,Loaded_Language
711964584	24	
711964584	25	Flag_Waving
711964584	26	Flag_Waving,Loaded_Language
711964584	27	
711964584	28	
711964584	29	
