709732928	1	Loaded_Language
709732928	3	Loaded_Language
709732928	4	Loaded_Language
709732928	5	
709732928	6	
709732928	7	Loaded_Language
709732928	8	Loaded_Language
709732928	9	
709732928	10	Loaded_Language,Repetition
709732928	11	
709732928	12	
709732928	13	Repetition
709732928	14	
709732928	15	
709732928	16	
709732928	17	
709732928	18	
709732928	19	Obfuscation-Vagueness-Confusion
709732928	20	
709732928	21	
709732928	22	
709732928	23	Loaded_Language
709732928	24	
709732928	25	
709732928	26	Flag_Waving,Loaded_Language
709732928	27	Repetition
709732928	28	Loaded_Language,Name_Calling-Labeling,Repetition
709732928	29	Name_Calling-Labeling
709732928	30	
709732928	31	
709732928	32	
709732928	33	Repetition
709732928	34	
709732928	35	Flag_Waving,Repetition
709732928	36	
709732928	37	
709732928	38	
709732928	39	
709732928	40	
709732928	41	
709732928	42	Flag_Waving
709732928	43	
