773937361	1	
773937361	3	Loaded_Language,Name_Calling-Labeling
773937361	4	Loaded_Language,Name_Calling-Labeling
773937361	5	Loaded_Language
773937361	6	Loaded_Language
773937361	7	
773937361	8	Name_Calling-Labeling
773937361	9	
773937361	10	Name_Calling-Labeling
773937361	11	Loaded_Language
773937361	12	
773937361	13	Loaded_Language
773937361	14	
773937361	15	Appeal_to_Fear-Prejudice
773937361	16	
773937361	17	
773937361	18	
773937361	19	
773937361	20	
773937361	21	Loaded_Language
773937361	22	Flag_Waving,Loaded_Language,Name_Calling-Labeling
773937361	23	
773937361	24	
773937361	25	
773937361	26	
773937361	27	
773937361	30	
773937361	31	
773937361	32	
773937361	33	
773937361	34	Slogans
773937361	35	
773937361	36	
773937361	37	
773937361	38	
773937361	39	
773937361	40	Name_Calling-Labeling
773937361	41	
773937361	42	
773937361	43	Conversation_Killer
773937361	44	
773937361	45	
773937361	46	
