111111122	Loaded_Language	24	49
111111122	Exaggeration-Minimisation	170	205
111111122	Loaded_Language	343	356
111111122	Doubt	449	477
111111122	Doubt	889	957
111111122	Name_Calling-Labeling	903	920
111111122	Doubt	1476	1523
111111122	Loaded_Language	1637	1656
111111122	Loaded_Language	3211	3225
111111122	Doubt	3414	3441
111111122	Exaggeration-Minimisation	3490	3520
111111122	Doubt	3993	4048
111111122	Loaded_Language	4451	4470
111111122	Name_Calling-Labeling	5029	5061
111111122	Loaded_Language	5133	5142
111111122	Appeal_to_Authority	5530	5655
111111122	Loaded_Language	5780	5799
111111122	Causal_Oversimplification	5842	5923
111111122	Loaded_Language	5952	5983
111111122	Loaded_Language	6443	6453
111111122	Name_Calling-Labeling	6841	6870
