999001032	Doubt	0	35
999001032	Name_Calling-Labeling	464	477
999001032	Name_Calling-Labeling	490	525
999001032	Loaded_Language	548	563
999001032	Exaggeration-Minimisation	594	658
999001032	Repetition	606	618
999001032	Name_Calling-Labeling	834	847
999001032	Name_Calling-Labeling	860	889
999001032	Loaded_Language	863	872
999001032	Loaded_Language	902	926
999001032	Doubt	1414	1570
999001032	Doubt	1573	1626
999001032	Appeal_to_Authority	1726	1851
999001032	Doubt	1779	1851
999001032	Doubt	1853	1953
999001032	Doubt	2199	2280
999001032	Doubt	2331	2586
999001032	Repetition	2563	2586
999001032	Loaded_Language	2845	2858
999001032	Name_Calling-Labeling	2880	2896
999001032	Loaded_Language	3001	3033
999001032	Exaggeration-Minimisation	3001	3059
999001032	Name_Calling-Labeling	3115	3143
999001032	Repetition	3164	3209
999001032	Exaggeration-Minimisation	3220	3331
999001032	Loaded_Language	3224	3236
999001032	Loaded_Language	3278	3304
999001032	Loaded_Language	3452	3459
999001032	Loaded_Language	3705	3736
999001032	Repetition	3768	3801
999001032	Conversation_Killer	3804	3830
999001032	Appeal_to_Fear-Prejudice	3960	4084
999001032	Loaded_Language	4166	4195
999001032	Name_Calling-Labeling	4208	4234
999001032	Name_Calling-Labeling	4308	4321
999001032	Repetition	4329	4362
999001032	Doubt	4471	4530
999001032	Name_Calling-Labeling	4584	4599
999001032	Name_Calling-Labeling	4616	4640
999001032	Repetition	4699	4713
999001032	Doubt	5435	5557
999001032	Name_Calling-Labeling	5501	5514
999001032	Name_Calling-Labeling	5519	5540
