728972961	Loaded_Language	154	169
728972961	Name_Calling-Labeling	762	780
728972961	Slogans	1400	1451
728972961	Loaded_Language	1692	1733
728972961	Loaded_Language	3486	3521
728972961	Loaded_Language	4678	4733
728972961	Repetition	4756	4777
728972961	Repetition	4851	4877
728972961	Repetition	4909	4934
728972961	Loaded_Language	5125	5151
728972961	Appeal_to_Fear-Prejudice	5421	5562
728972961	Repetition	7400	7432
728972961	False_Dilemma-No_Choice	8556	8704
728972961	Appeal_to_Authority	8742	8928
728972961	Loaded_Language	9019	9031
728972961	Loaded_Language	9031	9072
728972961	Repetition	10155	10166
728972961	Repetition	10255	10266
728972961	Repetition	10315	10326
728972961	Repetition	10379	10391
728972961	Repetition	10644	10668
728972961	Repetition	10919	10946
728972961	Causal_Oversimplification	11012	11180
728972961	Loaded_Language	12299	12318
728972961	Flag_Waving	12444	12517
728972961	Appeal_to_Fear-Prejudice	12768	12900
728972961	Loaded_Language	13045	13072
728972961	Repetition	14306	14332
728972961	Appeal_to_Fear-Prejudice	14334	14488
728972961	Repetition	15031	15042
728972961	False_Dilemma-No_Choice	15153	15271
728972961	Repetition	15554	15635
728972961	Repetition	15665	15685
728972961	Repetition	15733	15747
728972961	Repetition	16328	16348
728972961	Repetition	16458	16471
728972961	Repetition	16697	16714
728972961	Repetition	17453	17471
728972961	Repetition	17777	17787
728972961	Repetition	18031	18039
728972961	Repetition	18771	18793
728972961	Repetition	19503	19514
728972961	Repetition	19824	19838
728972961	Doubt	19862	20007
728972961	Repetition	20024	20037
728972961	Repetition	20059	20073
728972961	Repetition	20342	20355
728972961	Name_Calling-Labeling	20638	20666
728972961	Repetition	20773	20801
728972961	Repetition	20936	20951
728972961	Repetition	21003	21012
728972961	Loaded_Language	21255	21269
728972961	Repetition	21470	21484
728972961	Repetition	22842	22856
728972961	Loaded_Language	23061	23081
728972961	Appeal_to_Fear-Prejudice	23219	23281
728972961	Loaded_Language	23850	23865
728972961	Loaded_Language	23954	23964
728972961	Repetition	23993	24011
728972961	Loaded_Language	24221	24264
728972961	Repetition	24237	24248
728972961	Repetition	24382	24400
728972961	Repetition	25134	25144
728972961	Appeal_to_Fear-Prejudice	25145	25201
728972961	Doubt	26465	26504
728972961	Repetition	27298	27319
728972961	Appeal_to_Fear-Prejudice	27634	27696
728972961	Appeal_to_Fear-Prejudice	29698	29754
728972961	Repetition	29871	29893
728972961	Repetition	29919	29943
728972961	Conversation_Killer	29966	29996
