764609985	Loaded_Language	288	296
764609985	Loaded_Language	500	507
764609985	Flag_Waving	675	694
764609985	Loaded_Language	1681	1685
764609985	Loaded_Language	2352	2362
764609985	Loaded_Language	2463	2471
764609985	Doubt	2550	2764
764609985	Loaded_Language	2991	3002
764609985	Loaded_Language	3573	3577
764609985	Loaded_Language	3700	3706
764609985	Loaded_Language	4674	4680
764609985	Loaded_Language	4923	4932
764609985	Doubt	5495	5540
764609985	Loaded_Language	5496	5508
764609985	Loaded_Language	5512	5521
764609985	Doubt	5890	6089
764609985	Doubt	6331	6365
764609985	Loaded_Language	7111	7117
764609985	Name_Calling-Labeling	7223	7234
764609985	Loaded_Language	7246	7250
764609985	Loaded_Language	8496	8513
764609985	Repetition	8700	8717
764609985	Loaded_Language	8746	8764
764609985	Appeal_to_Authority	10187	10224
764609985	Loaded_Language	10402	10412
764609985	Loaded_Language	11037	11047
