783702663	Loaded_Language	26	49
783702663	Loaded_Language	886	905
783702663	Loaded_Language	1134	1181
783702663	Name_Calling-Labeling	1957	1974
783702663	Name_Calling-Labeling	2050	2071
783702663	Doubt	2082	2266
783702663	Appeal_to_Authority	2268	2375
783702663	Exaggeration-Minimisation	2714	2737
783702663	Loaded_Language	2799	2861
783702663	Loaded_Language	2925	2968
783702663	Loaded_Language	3081	3113
783702663	False_Dilemma-No_Choice	3189	3303
783702663	Doubt	3568	3733
783702663	Name_Calling-Labeling	3697	3733
783702663	Name_Calling-Labeling	3761	3797
783702663	Name_Calling-Labeling	3904	3916
783702663	Loaded_Language	3959	3997
783702663	Loaded_Language	4167	4224
783702663	Exaggeration-Minimisation	4252	4277
783702663	Loaded_Language	5092	5149
783702663	Loaded_Language	5271	5287
783702663	Name_Calling-Labeling	5291	5314
783702663	Doubt	5414	5624
783702663	Loaded_Language	5539	5559
783702663	Exaggeration-Minimisation	5585	5624
783702663	Appeal_to_Fear-Prejudice	5780	6010
783702663	Causal_Oversimplification	6013	6234
783702663	Loaded_Language	6047	6055
783702663	Slogans	6236	6254
783702663	Repetition	6323	6335
783702663	Loaded_Language	6511	6527
783702663	Name_Calling-Labeling	6681	6716
783702663	Loaded_Language	6779	6786
783702663	Doubt	6891	6960
783702663	Name_Calling-Labeling	6964	7010
783702663	Name_Calling-Labeling	7073	7126
783702663	Loaded_Language	7199	7210
783702663	Appeal_to_Fear-Prejudice	7449	7626
783702663	Causal_Oversimplification	7704	7905
783702663	Exaggeration-Minimisation	7886	7905
783702663	Appeal_to_Authority	8045	8094
783702663	Loaded_Language	8068	8094
783702663	Straw_Man	8097	8164
783702663	Doubt	8313	8368
783702663	Loaded_Language	8439	8456
783702663	Exaggeration-Minimisation	8870	8923
783702663	Doubt	9009	9120
783702663	Exaggeration-Minimisation	9214	9251
783702663	Loaded_Language	9380	9395
783702663	Name_Calling-Labeling	9431	9465
783702663	Loaded_Language	9499	9530
783702663	Loaded_Language	9547	9612
783702663	Doubt	9773	9817
783702663	Name_Calling-Labeling	9819	9851
783702663	Loaded_Language	9884	9892
783702663	Appeal_to_Authority	9950	10099
783702663	Conversation_Killer	10089	10099
783702663	Exaggeration-Minimisation	10343	10371
783702663	Appeal_to_Authority	10687	10894
783702663	Appeal_to_Authority	10946	11163
783702663	Loaded_Language	11090	11118
783702663	Appeal_to_Authority	11246	11500
783702663	Appeal_to_Authority	11505	11701
783702663	Exaggeration-Minimisation	11636	11666
783702663	Appeal_to_Authority	11730	11876
783702663	Name_Calling-Labeling	11903	11966
783702663	Doubt	12389	12551
783702663	Causal_Oversimplification	13517	13640
783702663	Name_Calling-Labeling	13658	13718
783702663	Loaded_Language	13734	13780
783702663	Name_Calling-Labeling	14012	14037
783702663	Loaded_Language	14260	14294
783702663	Loaded_Language	14641	14682
783702663	Loaded_Language	14709	14748
783702663	Name_Calling-Labeling	14790	14828
783702663	Loaded_Language	14949	14971
783702663	Doubt	15114	15185
783702663	Name_Calling-Labeling	15208	15231
783702663	Loaded_Language	15535	15556
783702663	Loaded_Language	15653	15665
783702663	Name_Calling-Labeling	15721	15753
783702663	Doubt	15951	16006
783702663	Exaggeration-Minimisation	16011	16030
783702663	Loaded_Language	16801	16841
783702663	Exaggeration-Minimisation	16864	16957
783702663	Loaded_Language	17350	17365
783702663	Name_Calling-Labeling	17369	17398
783702663	Name_Calling-Labeling	17406	17436
783702663	Loaded_Language	18077	18101
783702663	Causal_Oversimplification	18353	18419
783702663	Name_Calling-Labeling	18708	18725
783702663	Name_Calling-Labeling	18758	18769
783702663	Loaded_Language	18790	18807
783702663	Name_Calling-Labeling	19165	19195
783702663	Loaded_Language	19734	19832
783702663	Name_Calling-Labeling	20064	20096
783702663	Loaded_Language	20164	20188
783702663	Doubt	20295	20353
783702663	Name_Calling-Labeling	20422	20448
783702663	Doubt	20465	20659
783702663	Loaded_Language	20553	20567
783702663	Name_Calling-Labeling	20588	20618
783702663	Loaded_Language	20661	20678
783702663	Loaded_Language	20752	20764
783702663	Name_Calling-Labeling	20773	20795
783702663	Name_Calling-Labeling	20894	20921
783702663	Loaded_Language	20922	20937
783702663	Appeal_to_Fear-Prejudice	21245	21514
783702663	Name_Calling-Labeling	21292	21314
783702663	Loaded_Language	21354	21377
783702663	Name_Calling-Labeling	21383	21408
783702663	Loaded_Language	21421	21514
783702663	Name_Calling-Labeling	21523	21559
783702663	Name_Calling-Labeling	21637	21700
783702663	Name_Calling-Labeling	21906	21958
783702663	Name_Calling-Labeling	22135	22158
783702663	Name_Calling-Labeling	22578	22642
783702663	Loaded_Language	22691	22713
783702663	Repetition	23020	23036
783702663	Loaded_Language	23084	23126
783702663	Name_Calling-Labeling	23357	23509
783702663	Name_Calling-Labeling	23579	23595
783702663	Appeal_to_Fear-Prejudice	23604	23829
783702663	Exaggeration-Minimisation	23673	23764
783702663	Loaded_Language	23844	23868
783702663	Exaggeration-Minimisation	23928	23994
783702663	Name_Calling-Labeling	23939	23994
783702663	Loaded_Language	24370	24385
783702663	Loaded_Language	24518	24554
783702663	Name_Calling-Labeling	24611	24641
783702663	Name_Calling-Labeling	24670	24694
783702663	Loaded_Language	25356	25375
783702663	Loaded_Language	25544	25558
783702663	Loaded_Language	25678	25707
783702663	Loaded_Language	25769	25794
783702663	Name_Calling-Labeling	25912	25925
783702663	Exaggeration-Minimisation	26506	26532
783702663	Loaded_Language	27573	27597
783702663	Exaggeration-Minimisation	27600	27724
783702663	Loaded_Language	27842	27871
783702663	Repetition	27861	27871
783702663	Appeal_to_Authority	27887	28216
783702663	Loaded_Language	28371	28498
783702663	Loaded_Language	28841	28861
783702663	Loaded_Language	29143	29161
783702663	Slogans	29164	29188
783702663	Loaded_Language	29255	29265
783702663	Loaded_Language	29620	29643
783702663	Name_Calling-Labeling	29713	29723
783702663	Loaded_Language	29896	29915
783702663	Loaded_Language	30189	30229
783702663	Loaded_Language	30240	30247
783702663	Name_Calling-Labeling	30593	30611
783702663	Obfuscation-Vagueness-Confusion	30621	30695
783702663	Causal_Oversimplification	30700	30899
783702663	Name_Calling-Labeling	30851	30871
783702663	Name_Calling-Labeling	30930	30966
783702663	Causal_Oversimplification	31141	31279
783702663	Loaded_Language	31204	31217
783702663	Doubt	31310	31348
783702663	Name_Calling-Labeling	31409	31437
783702663	Doubt	31571	31945
783702663	Causal_Oversimplification	31585	31655
783702663	Loaded_Language	31755	31780
783702663	Loaded_Language	31849	31872
783702663	Name_Calling-Labeling	31910	31945
783702663	Doubt	31947	32271
783702663	Loaded_Language	32154	32195
783702663	Loaded_Language	32893	32958
783702663	Loaded_Language	33076	33098
783702663	Loaded_Language	33128	33155
783702663	Doubt	33817	33976
783702663	Loaded_Language	34115	34135
783702663	Loaded_Language	34150	34166
783702663	Doubt	34718	34814
783702663	Doubt	35181	35213
783702663	Exaggeration-Minimisation	35663	35813
783702663	Name_Calling-Labeling	35681	35738
783702663	Name_Calling-Labeling	35773	35813
783702663	Name_Calling-Labeling	35871	36007
783702663	Appeal_to_Authority	36085	36448
783702663	Loaded_Language	36647	36683
783702663	Loaded_Language	37068	37100
783702663	Loaded_Language	37192	37231
783702663	Loaded_Language	37485	37575
783702663	Loaded_Language	37818	37854
783702663	Causal_Oversimplification	37873	38076
783702663	Name_Calling-Labeling	38569	38664
783702663	Name_Calling-Labeling	38761	38801
783702663	False_Dilemma-No_Choice	39083	39200
783702663	Appeal_to_Authority	39396	39469
783702663	Doubt	39699	39918
783702663	Exaggeration-Minimisation	39733	39789
783702663	Causal_Oversimplification	39951	40188
783702663	Loaded_Language	39977	40055
783702663	Causal_Oversimplification	40190	40628
783702663	Exaggeration-Minimisation	40499	40628
783702663	Name_Calling-Labeling	40667	40692
783702663	Appeal_to_Popularity	40749	41109
783702663	Loaded_Language	41089	41109
783702663	Loaded_Language	41370	41385
783702663	Exaggeration-Minimisation	41465	41542
783702663	Name_Calling-Labeling	41477	41495
783702663	Loaded_Language	41524	41535
783702663	Loaded_Language	41647	41663
783702663	Name_Calling-Labeling	41768	41787
783702663	Loaded_Language	41789	41825
783702663	Name_Calling-Labeling	42659	42700
783702663	Loaded_Language	43869	43890
783702663	Loaded_Language	44152	44272
783702663	Doubt	45186	45316
783702663	Loaded_Language	46116	46144
783702663	Loaded_Language	46304	46327
783702663	Loaded_Language	46477	46553
783702663	Causal_Oversimplification	46619	46759
783702663	Loaded_Language	46654	46672
783702663	Exaggeration-Minimisation	46812	46851
783702663	Loaded_Language	46901	46947
783702663	Loaded_Language	47107	47125
783702663	Repetition	47144	47239
783702663	Loaded_Language	47270	47305
783702663	Name_Calling-Labeling	47331	47390
