26208	Doubt	571	623
26208	Doubt	855	962
26208	Loaded_Language	1709	1720
26208	Loaded_Language	1820	1826
26208	Doubt	137	235
26208	Slogans	1188	1238
26208	Repetition	237	568
26208	Doubt	3184	3244
26208	Doubt	1876	1966
26208	Doubt	3518	3664
26208	Doubt	653	729
26208	Doubt	5977	6067
26208	Appeal_to_Values	237	522
26208	Conversation_Killer	2518	2529
26208	Doubt	1721	1788
26208	Repetition	6403	6469
26208	Exaggeration-Minimisation	6642	6676
26208	Loaded_Language	5993	6011
26208	Doubt	6529	6676
26208	Appeal_to_Values	1188	1236
26208	Doubt	3736	3814
26208	Doubt	2988	3042
26208	Loaded_Language	1984	1995
26208	Doubt	2361	2516
26208	Doubt	732	850
26208	Doubt	6487	6527
26208	Doubt	2134	2186
26208	Loaded_Language	1853	1874
26208	Doubt	2036	2077
26208	Doubt	6680	6825
26208	Slogans	115	135
26208	Doubt	2187	2310
26208	Doubt	3920	4024
26208	Flag_Waving	1039	1181
26208	Name_Calling-Labeling	6713	6723
26208	Appeal_to_Values	571	623
26208	Doubt	6084	6166
26208	Loaded_Language	2107	2133
