26175	Doubt	3993	4041
26175	Doubt	3674	3750
26175	Doubt	1418	1521
26175	Doubt	3253	3320
26175	Loaded_Language	1030	1045
26175	Doubt	2843	2933
26175	Name_Calling-Labeling	4577	4650
26175	Doubt	1194	1343
26175	Doubt	633	699
26175	Doubt	5169	5240
26175	Doubt	2455	2534
26175	Doubt	1441	1521
26175	Loaded_Language	1768	1792
26175	Doubt	3170	3250
26175	Doubt	969	1098
26175	Questioning_the_Reputation	1606	1651
26175	Doubt	2697	2817
26175	Appeal_to_Fear-Prejudice	4828	4851
26175	Doubt	3093	3131
26175	Doubt	4231	4307
26175	Doubt	1795	1872
26175	Doubt	2537	2561
26175	Doubt	5381	5475
26175	Loaded_Language	1222	1255
26175	Loaded_Language	2749	2764
26175	Loaded_Language	5139	5168
26175	Loaded_Language	4776	4800
26175	Questioning_the_Reputation	1937	2033
26175	Loaded_Language	2210	2246
26175	Doubt	2607	2694
26175	Loaded_Language	2057	2093
26175	Doubt	3871	3911
